ymin = 76.0603968939
ymax = 78.3421052632

